# Case 1: Two clusters of polygons, diagonal path
0.0 0.0
12.0 10.0
3
4
2.0 2.0
3.5 2.5
3.0 4.0
1.8 3.5
4
5.0 1.5
6.8 2.0
6.5 4.0
4.5 3.8
5
7.5 5.0
9.0 5.3
9.5 7.0
8.0 7.5
7.2 6.0

# Case 2: Narrow passage between long walls
-1.0 2.0
11.0 2.0
2
4
2.0 0.0
4.0 0.0
4.0 6.0
2.0 6.0
4
6.0 0.0
8.0 0.0
8.0 6.0
6.0 6.0

# Case 3: Overlapping quadrilaterals forming a maze-like path
0.0 -1.0
10.0 7.0
4
4
2.0 1.0
4.0 1.5
4.0 3.5
2.0 3.0
4
3.0 2.0
6.0 2.5
6.0 5.0
3.0 4.5
4
5.0 0.0
8.0 0.8
8.0 3.0
5.0 2.2
5
6.5 4.0
9.5 4.5
9.8 6.0
8.0 6.8
6.0 5.8

# Case 4: Two triangles + a rotated pentagon + very close clearance
-2.0 0.0
8.0 6.0
3
3
1.0 2.0
2.5 4.5
0.5 4.0
3
4.0 1.0
6.0 2.0
4.5 3.0
5
5.0 4.0
6.2 4.8
5.8 6.0
4.3 5.5
4.5 4.2

# Case 5: A U-shape formed by three convex polygons
-1.0 1.0
7.0 1.0
3
4
1.0 1.5
4.0 1.5
4.0 3.0
1.0 3.0
4
1.0 3.0
4.0 3.0
4.0 5.0
1.0 5.0
4
4.0 1.5
6.0 1.5
6.0 5.0
4.0 5.0

# Case 6: Scattered obstacles, mixed sizes, non-axis aligned
0.0 0.0
14.0 0.0
5
5
2.0 -1.0
3.5 -0.5
3.0 1.0
1.8 1.0
1.5 -0.2
4
5.0 -0.5
6.5 0.0
5.8 1.5
4.8 1.2
3
8.0 -0.5
9.5 0.2
8.2 1.2
4
10.0 -1.0
12.0 -1.0
12.5 0.8
10.2 1.0
5
11.0 2.0
12.5 2.5
13.0 3.5
11.8 4.0
10.5 3.0
