ROBOT
4
0.0 0.0
1.0 0.0
1.0 0.5
0.0 0.5

# Case 1 – short scene, like Example 1
0.0 0.5
12.0 12.0
4
3
1.0 -0.5
4.0 0.0
2.0 1.0
4
3.5 4.5
5.0 5.0
4.3 7.0
2.8 6.3
4
6.0 6.0
8.2 6.5
7.3 9.0
5.8 8.3
5
5.8 9.0
7.0 10.5
6.3 12.5
4.8 12.0
4.3 10.5

# Case 2 – long snaky scene, like Example 3
0.0 0.5
34.0 31.0
6
5
3.0 2.0
7.0 2.5
8.2 6.0
6.0 8.0
3.5 6.5
4
2.0 11.0
6.0 12.0
5.2 15.0
2.5 14.0
5
10.0 18.0
14.0 19.0
13.0 23.0
9.5 22.0
8.5 20.0
5
18.0 8.0
24.0 9.5
25.0 13.0
21.0 14.0
19.0 11.0
4
16.0 22.0
20.5 23.0
21.5 26.5
18.5 27.5
5
26.0 14.0
30.0 15.0
31.0 19.0
28.0 20.0
26.5 17.0

# Case 3 – another long scene with more “zig-zag”
0.0 0.5
32.0 28.0
5
4
4.0 1.0
8.0 1.5
7.5 4.0
4.2 3.5
4
6.0 7.0
10.0 7.5
9.5 10.5
6.3 10.0
5
12.0 3.0
16.0 4.0
17.0 7.0
14.0 8.5
11.8 6.0
5
18.0 15.0
22.0 16.0
23.0 20.0
20.0 21.5
17.5 19.0
4
24.0 9.0
28.0 10.0
27.5 13.0
24.5 12.0

# Case 4 – U-ish arrangement with top detour
0.0 0.5
26.0 24.0
4
4
3.0 3.0
9.0 3.0
9.0 6.0
3.0 6.0
4
3.0 6.0
9.0 6.0
9.0 10.0
3.0 10.0
4
9.0 3.0
12.0 3.0
12.0 10.0
9.0 10.0
5
13.0 12.0
18.0 13.0
19.5 16.0
17.0 18.0
13.5 16.5
